0.004113351324
0.01376752067
0.004911275999
0.006709049812
-0.00351141156
-0.003398434927
-0.01002051003
0.003871301184
-0.01130306904
0.0005107096342
-0.002080175116
0.003124244431
0.006295589997
-0.009427481756
-0.007072382916
-0.006002391112
-0.0001261235548
0.0007725702527
-0.0006366717175
0.01080845364
0.01231296268
0.005446538155
-0.004462501418
0.01479751021
0.008457386627
-0.004980004799
-0.004752839095
-0.0009667125528
0.003849861118
-0.01065010258
-0.006557071832
-0.0028819627
0.005581680103
-0.009316447599
0.007002433413
0.01045864489
0.004673838513
-0.0003658456169
-0.00921095905
0.009327764137
0.002680784215
0.01349599818
0.003536283715
0.007301572488
0.001978246807
0.0008051126937
-0.0008754996539
0.0134775152
0.01118140648
-0.006544611261
-0.00934681091
-0.002312106295
-0.0002429520434
0.002705334081
0.01195179123
0.02294481382
-0.01392401164
0.01220478385
0.00587406839
0.009750365654
0.003568605794
0.006444715127
-0.001683744907
0.01081474369
0.0002082734166
0.00838997022
0.01481860723
0.001216434211
-0.003875926303
0.00147862839
0.01332788878
-0.0002076991556
0.003770545859
-0.01006941542
0.005916724754
0.001604899477
0.007473425264
0.01055720995
0.009709241149
-0.009539112311
0.0002654142787
0.009232522754
0.009433718495
0.0009617954272
-0.003492393669
0.001580597766
-0.006766247209
-5.497839601e-05
-0.006771702244
0.0006725856358
-0.006145436218
0.002863482362
0.004868114138
-0.005554642291
-0.00213650284
-0.01152521327
-0.009160319933
0.008635295577
0.005817117971
-0.001835800026
0.01764734439
-0.07645245963
0.05992774549
-0.06116631401
-0.01065665729
0.07780960583
0.04366866075
0.0534734636
0.08860770031
0.04646749243
-0.07991494654
0.04486695289
-0.006155962471
0.1107403601
0.1907259637
-0.07384381213
-0.02522218937
0.1034623637
0.07373875324
-0.02082356443
-0.07516336814
-0.01640683679
-0.01849905679
-0.1395910384
-0.004803175682
-0.002262155507
0.05405851009
-0.07285196108
-0.1638612634
0.1086637875
0.02580410472
-0.0867566513
-0.1065088975
0.1140721063
0.07075926007
-0.06003819362
-0.04853746426
-0.1309628146
0.01580915357
-0.1472776027
-0.1565927217
-0.106148301
-0.05664237116
0.01466818815
-0.02627322946
0.01213468128
0.07093330639
-0.1994029747
-0.03573482406
-0.01754113266
0.07243816999
0.03838657071
0.02407265863
0.0638580295
-0.09217892588
-0.2429044768
0.1061954473
-0.05262433686
-0.1272502299
-0.05007413684
0.07542751247
-0.02729427602
-0.05629639241
-0.2664848505
0.03521586557
-0.1168058074
-0.1484996243
-0.1476231434
-0.08203168462
0.1266879404
-0.1006042723
-0.07949144896
-0.1525014757
0.06075158805
-0.09349945676
-0.1404009938
0.01917185455
-0.1580843053
-0.138482397
0.2501467974
-0.1402770694
-0.1542919961
-0.001409110139
-0.1432568456
0.1136875323
-0.07879184881
-0.05625693618
-0.06240986503
0.04428064977
0.03688712694
0.1458282634
-0.04705803432
-0.1022112024
0.005676455176
0.04350692112
0.1140967316
0.1032144364
-0.1446672078
-0.04395794375
-0.06039607385
0.004320168416
-0.001586451886
0.001359171703
0.009641197884
0.001274631111
-0.009471204575
-0.002149369374
0.005999382531
-0.008457544247
0.004698612491
0.002371874583
0.006920073571
-0.00507942476
-0.01130347477
-0.00483656227
0.008642476447
-0.003540265334
-0.01054967902
0.001777959118
-0.008239154889
0.002902236668
-0.004775251896
0.0001960042215
0.00446245044
0.004977813148
0.009167662233
-0.01145935348
-0.003511687445
-0.004296330189
-0.008381328383
-8.634691035e-05
-0.00560233845
0.008670277456
-0.004602438865
-0.001103306371
0.00755257396
-0.002951219173
0.006191862704
-0.008320499799
0.01286534836
-0.006517025822
0.01164432968
-9.528308047e-05
0.004044590657
0.008347468163
0.007063938869
0.0001567081574
0.005588484892
-0.001013896766
0.006758409566
0.002951214335
0.001980802306
-0.003451974617
0.00371582879
0.008335263237
0.007930303747
-0.006228355439
-0.008277090977
0.002949397247
0.004820694146
0.0003610594884
0.002120396956
0.003898175683
0.001099109106
0.007727354789
0.00650117185
-0.002525550093
0.004762537628
0.0009050423908
-0.01058667745
-0.004352239155
0.00598375661
0.003423971888
-0.01203433147
-0.002036365784
-0.003542526978
0.001803959234
0.004332964921
-0.006022984605
-0.003733278508
0.01014379286
0.007245583976
-0.002015873844
0.002519222478
-0.01092077709
-0.003541201653
0.006675558786
0.00935823196
-0.000777279506
-0.001219327138
-0.005999243747
0.003138977385
0.007956600179
-0.0002544363231
-0.007010695298
-0.008850428838
0.001590874242
0.001827915082
-0.008974642404
-0.003958277852
-0.0004997948187
0.00319544525
-0.007260511733
0.005617989973
0.003210330114
-0.007711442675
0.003827369883
0.001711437112
-0.0006958645992
-0.01020772822
-0.0008463669009
-0.006698778204
-0.006831074801
0.003050302974
-0.01452244131
-0.006053140958
0.001187361771
0.0007867233729
-0.001919048274
-0.003828936773
-0.002499137784
-0.01005226666
0.0008123080597
0.01603100507
-0.003717512469
-0.004711696374
0.0002880729966
0.008303526596
0.0137730736
0.003968660727
-0.0131732347
-0.003225084134
0.01086575291
-0.00195928661
-0.01048696006
0.003226056441
-0.003485345989
-0.0006970944575
0.006219025786
-0.002465372911
0.004239058034
0.01173055831
0.0003873934053
-0.002578806914
-0.005334925766
-0.004076431409
0.004027360624
0.01736931318
-0.005794272231
0.008348032542
0.003641136319
-0.00214723565
0.002812577596
0.003209295508
0.005295927404
0.003743882667
0.005871795404
0.009063898098
0.002513265078
-0.001404732684
0.002627240169
-0.008109415644
0.007248134771
0.002857759917
0.006187864796
0.008824456925
0.01513659862
0.000329322495
0.002848421298
0.001648568625
0.006679865639
0.004844810648
0.01412842074
0.002410147369
-0.001324197599
0.01508467282
-0.003735570209
-0.0008826283045
0.01055036934
-0.005462385659
-0.00290953257
-0.0009496062445
0.009360149642
0.003915047479
-0.01374449635
-0.004195783222
-0.006185644396
0.005339346149
0.0008388172854
-0.009823723029
-0.003784942387
-0.0008588295772
-0.001396685019
-0.003473158509
0.005875791554
-0.01109690522
0.002042419251
0.00748761199
0.004050318094
0.001288299897
-0.006533237826
0.006423606706
0.003789720099
0.003540947441
-0.009050777351
0.004724362393
8.440174618e-05
2.491663664e-05
0.003116202486
0.002291636408
0.007123641251
-0.001945021207
0.002650437798
-0.0007351851598
-0.005203993806
-0.0008717541136
0.002249603507
-0.007207159849
-0.009595305202
0.007695356526
0.009381747944
0.0005337910384
-0.008662466048
0.01615842291
-0.00200021793
0.007764093224
-0.009698913677
-0.003877132777
0.01119535129
-0.005383784225
0.008246264816
0.009188661855
0.003244873278
0.004442218568
-0.01289094468
0.009455408456
0.007960291893
0.006335034042
0.0002793879414
-0.000543670376
0.00294115839
0.01241809451
0.0009070014361
-0.001368749077
0.001160573477
0.004057951472
0.004241565698
0.002684719063
0.001951370098
0.0061292391
-0.008383403961
0.004138957928
-0.001796440127
-0.003380125533
0.008860598082
0.02101312186
0.002538550372
0.006227766265
0.002980329107
0.003232968522
-0.009294561512
-0.005037408754
0.01160085887
0.0178747668
0.001856539892
0.01412244466
0.01221682823
0.009826665457
-0.005294857334
-0.007980375266
-0.003419301743
0.002003021947
0.01420280341
-0.009709612462
0.0009940589781
0.001759342975
-0.003123386553
0.00923049425
-2.420901552e-05
-0.01299445281
0.01661111741
0.007813221906
-0.002581746764
-0.003005941776
-0.01268260909
-0.005113703621
-7.639387433e-06
0.007841447361
-0.008873032187
0.00468476631
-0.006438426532
-0.005274958746
-0.001124942224
-0.004831559116
-0.009084363236
-0.01023531844
-0.009549616286
-0.0009957916499
0.01052968801
0.01005206506
-0.0008007662537
0.001894706692
0.00383733304
-0.008095065872
-0.006183477275
0.004223921199
0.00115622572
-0.006132300087
-0.007668161625
0.003000148925
-0.0001101372665
0.001344522585
0.006616543345
-0.01145864816
-0.002198471983
0.004970809306
-0.008626315635
0.007183255261
-0.008420849096
0.001925644491
0.006678615975
-0.003653319096
-0.0002065651216
-0.005025851979
0.009350375985
0.003632976409
-0.00955987725
0.00303886818
0.01068113083
0.001863582738
0.00530225082
-0.004909057619
0.009507148766
-0.000323593083
-0.0009949553522
0.002523161693
-0.0004404422109
0.002767888107
0.003349116755
-0.003021687591
0.008300505664
0.002253569355
0.004854842488
0.007630513409
-0.005971889193
0.004569307158
-0.00572238799
0.002571721699
0.005600345475
-0.003405865451
-0.003608616029
-0.005084195334
-0.009860810463
0.002256402536
-0.003392630512
0.004412943988
-0.002679326594
-0.003288147089
0.00255889818
-0.00323626398
0.004415225569
-0.009442281848
-0.009344657583
0.0009810054755
0.007897159011
0.0001699798686
-6.412723113e-05
0.002653758881
0.01144593243
0.004361385129
0.003802078134
0.001721664146
0.00556700709
-0.003391733895
-0.008701451811
0.0005888932999
0.007158675896
0.0113165627
0.005245092007
-0.0001720841629
-0.004861099448
-0.001237294388
-0.007999144203
-0.001674035117
-0.01047012618
0.006407332015
0.004954810233
-0.0007685019193
0.005453763629
-0.009963906243
-0.0002246470479
-0.01082551123
-0.0119985087
-0.008797252828
-0.005891331924
0.001784561738
0.004065415338
-0.005565247955
0.006672611261
-0.003249163245
0.007796373177
0.01183858629
0.00847533106
-0.005052135257
-0.00309849241
-0.00497361956
-0.007507213609
0.006336318808
0.008560078318
-0.008915085661
0.008680736684
-0.004987004967
0.00254377702
-0.008759268054
-0.009921311874
0.01117807224
-0.003160906765
-0.0104996117
0.0006655926997
0.003164210988
0.002926805206
-0.004703631367
0.007009787815
0.006295499838
0.006903836603
0.005793470942
-0.001029828421
0.003261143938
0.006478933737
-0.006461678719
-0.007844269085
0.009669662916
0.007977493762
-0.01133696514
0.001956064765
0.002084040122
0.009182646586
0.00821820529
0.002214969602
0.006346027922
0.01013818234
0.008970017517
0.003279587301
-0.006061677381
-0.005610631104
-0.00857827452
-0.004016781544
-0.003606250767
0.008007048786
-0.005608262906
-0.01033948485
-0.008888450598
0.001252648987
0.005487602792
0.01010566137
0.004962319269
0.0009033593879
0.007206432754
0.0003198258891
-0.007025872181
-0.001516080931
0.008248518545
0.002749913399
0.008532197354
0.002863464439
-0.004732436517
0.001362433449
0.007632142276
0.01085391933
-0.001410606627
0.008277236966
-0.007910395531
0.007755813797
-0.001699665845
0.0005171488556
0.009784331887
-0.009357941149
-0.002696596146
0.01016268998
-0.003584707879
0.01265312757
0.01226112498
-0.004529404693
0.009023599648
0.003904718058
0.006378545366
-0.001735125562
0.00754357699
-0.007357690075
-0.007037584994
-0.002729235899
0.004275421512
0.0009958361875
-0.004180314165
0.004272026592
0.002881023464
-0.007154091439
0.004256206335
0.006616593154
0.009946071185
-0.00221101717
-0.003897691621
-0.01314631791
0.003009483099
0.009627076822
-0.005916035331
0.004362241747
0.00447921098
-0.005740053538
0.004890703405
0.0115538665
-0.007533607711
0.009000889742
-0.0146721088
-0.01050013342
0.01472726013
0.00198712721
-0.003346170887
-0.009646031636
0.001752644153
0.005947248948
-0.007151334116
-0.00466421086
0.005038137921
0.009346388013
0.0005011455215
-0.0017532806
0.007977522438
0.005764874082
-0.01016967952
0.00343738023
0.009181839745
0.00582430122
-0.005470867477
-0.006848049623
-0.002565348056
-0.0001397071304
0.008124394321
-0.01104724608
0.01606879837
0.01103254706
0.004053241529
0.01234240271
0.007234172891
-0.003056492757
-0.009230374245
-0.002662381079
0.006856356245
-0.002992901778
-0.006232485725
-0.009082071116
-0.00981069646
-0.01065722585
-0.005509325561
0.007662858178
0.02573102168
-0.01516737345
0.01226912626
0.004023986177
0.000204098764
-0.00649636516
0.005073238806
0.004734873185
0.02072617047
0.001008265658
0.01379919707
0.01726045322
0.009247149975
-0.0001770996526
4.269640793e-05
0.003330792892
-0.002030350312
0.0189754582
-0.007126235409
0.007211528726
0.007842611133
-0.006006996021
0.01619396071
0.00472246235
-0.01424397037
0.01628381748
0.006200713553
-0.004725347538
0.01804428078
-0.008929823953
0.00614055994
-0.004899541645
-0.0009829908633
0.004517959266
-0.003038939592
-0.004408942541
0.01129430776
5.87293246e-05
-0.005904813728
-0.0001567533163
-0.007945452203
-0.007130319886
0.005430346832
-0.002565466164
0.004258889503
-0.0101807946
0.001935232643
-0.01560648505
0.008721767506
-0.002856870093
-0.008814816255
0.006113386568
-0.002306766866
-0.01427981264
-0.002664489835
0.004369446458
0.0007125569544
0.008977165186
-0.01883166234
-0.02027244044
-0.0007714089219
-0.000840499281
-0.003189149426
-0.008271188966
0.008086750774
0.01447877215
-0.008053956159
0.004964096955
0.01725696325
0.005465948922
0.002741513714
-0.006359299384
-0.001946767896
0.0191921704
-0.003926979068
-0.004046354977
0.008334967585
0.006670509927
-0.005515229482
-0.009512273409
-0.002484360126
0.01360914141
0.02055424274
0.002098041009
0.009129240798
0.01512403946
0.008745511415
0.004419848436
-0.004519125198
-0.0005329053493
0.004521141064
-0.007964398409
0.01363518116
0.01172751758
-0.003629992789
-0.01521712805
0.005919237504
0.0007805560704
-0.01158895096
0.01513453215
0.01947246534
-0.01049589299
0.0070761228
0.01974853567
-0.005996418389
-0.002357596833
0.01129278236
-0.003400856312
0.02968322582
-0.01528435281
0.005226915953
0.01802552159
0.02352836374
0.01318505524
-0.01496030975
0.002653642397
0.007958148164
0.01019783976
-0.01290877097
0.005533731587
0.01289968679
0.006397370622
0.01193640586
0.004377371648
-0.0218722079
0.005241351314
0.01866564766
-0.001439653143
0.01490922174
-0.005667792426
0.01304019769
0.005953444609
-0.001132751249
-0.0142855012
-0.006470752932
-0.01728934034
-0.001339933833
-0.002686298061
0.0001410620312
-0.006977675255
-0.01193546166
-0.01566823622
0.007472111617
-0.0006597693237
0.007841838363
0.01807880588
-0.07657695372
0.06073864998
-0.06251376163
-0.01118931775
0.07868296609
0.04322079187
0.05213988023
0.08993577324
0.04593643993
-0.08085095379
0.04444287849
-0.007396165987
0.113321304
0.1931372055
-0.07382938603
-0.02471606459
0.1034518186
0.074782378
-0.02236319214
-0.07694832508
-0.0151841399
-0.01755654048
-0.1420459388
-0.006941202524
-0.002284071606
0.05475422616
-0.07235566475
-0.1659637706
0.1096989344
0.02539265529
-0.08693358718
-0.1079081764
0.1142341781
0.0717508112
-0.06002585482
-0.05031837798
-0.1328248996
0.01638576011
-0.148770386
-0.1581551959
-0.1082215068
-0.05750220624
0.01464615808
-0.02628112406
0.01168571416
0.07109388637
-0.2008875771
-0.03631959314
-0.0161840194
0.07489828893
0.03857294831
0.02429069769
0.06491043011
-0.09499161206
-0.2468436679
0.1076613931
-0.05520092369
-0.1288494376
-0.04983209647
0.07486045374
-0.02876362706
-0.05651387256
-0.2704033121
0.03527493938
-0.1178871498
-0.151503032
-0.1499370859
-0.08233932756
0.1268666824
-0.10093332
-0.07916561504
-0.1549220295
0.06259722596
-0.09393731001
-0.1415557694
0.01948771354
-0.1599584829
-0.1390310035
0.2526360593
-0.141966384
-0.1558591544
-0.0009416717978
-0.1448967234
0.1152264641
-0.07940719206
-0.05569086245
-0.06291428588
0.04551042902
0.03742639431
0.1471098292
-0.04780525756
-0.1019004708
0.006154598464
0.04448921826
0.1160760554
0.1051088477
-0.1448627736
-0.04419964741
-0.06095015769
0.2854022628
